 name     A    Z    abundance
p         1    1 7.148276E-01
d         2    1 2.850346E-05
he3       3    2 3.390406E-05
he4       4    2 2.711182E-01
li6       6    3 6.457444E-10
li7       7    3 9.266293E-09
be9       9    4 1.398447E-10
b10      10    5 9.580268E-10
b11      11    5 4.193495E-09
c12      12    6 2.511872E-03
c13      13    6 2.984500E-05
n14      14    7 7.362742E-04
n15      15    7 2.998545E-06
o16      16    8 6.092536E-03
o17      17    8 2.461744E-06
o18      18    8 1.367944E-05
f19      19    9 3.886273E-07
ne20     20   10 1.235043E-03
ne21     21   10 3.111059E-06
ne22     22   10 9.841669E-05
na23     23   11 3.329284E-05
mg24     24   12 5.020612E-04
mg25     25   12 6.584307E-05
mg26     26   12 7.507558E-05
al27     27   13 5.647847E-05
si28     28   14 6.421200E-04
si29     29   14 3.410845E-05
si30     30   14 2.331082E-05
p31      31   15 6.483509E-06
s32      32   16 3.354185E-04
s33      33   16 2.747605E-06
s34      34   16 1.591785E-05
s36      36   16 7.883542E-08
cl35     35   17 3.503463E-06
cl37     37   17 1.171163E-06
ar36     36   18 5.980355E-05
ar38     38   18 1.148613E-05
ar40     40   18 1.916318E-08
k39      39   19 3.399981E-06
k40      40   19 5.526945E-09
k41      41   19 2.589378E-07
ca40     40   20 5.922019E-05
ca42     42   20 4.108065E-07
ca43     43   20 8.787554E-08
ca44     44   20 1.392609E-06
ca46     46   20 2.774193E-09
ca48     48   20 1.354028E-07
sc45     45   21 3.922862E-08
ti46     46   22 2.416165E-07
ti47     47   22 2.200230E-07
ti48     48   22 2.246913E-06
ti49     49   22 1.661690E-07
ti50     50   22 1.619222E-07
v50      50   23 8.898708E-10
v51      51   23 3.613340E-07
cr50     50   24 7.401458E-07
cr52     52   24 1.466636E-05
cr53     53   24 1.716348E-06
cr54     54   24 4.292577E-07
mn55     55   25 1.290296E-05
fe54     54   26 6.961839E-05
fe56     56   26 1.118148E-03
fe57     57   26 2.668078E-05
fe58     58   26 3.578856E-06
co59     59   27 3.397631E-06
ni58     58   28 4.827917E-05
ni60     60   28 1.943328E-05
ni61     61   28 8.622931E-07
ni62     62   28 2.771441E-06
ni64     64   28 7.353720E-07
cu63     63   29 6.021035E-07
cu65     65   29 2.774897E-07
zn64     64   30 1.038760E-06
zn66     66   30 6.164149E-07
zn67     67   30 9.045204E-08
zn68     68   30 4.196090E-07
zn70     70   30 1.430377E-08
ga69     69   31 3.883261E-08
ga71     71   31 2.640059E-08
ge70     70   32 4.319604E-08
ge72     72   32 5.857043E-08
ge73     73   32 1.673722E-08
ge74     74   32 7.935697E-08
ge76     76   32 1.702866E-08
as75     75   33 1.162581E-08
se74     74   34 1.120967E-09
se76     76   34 1.205502E-08
se77     77   34 9.927845E-09
se78     78   34 3.180168E-08
se80     80   34 6.814794E-08
se82     82   34 1.213916E-08
br79     79   35 1.066582E-08
br81     81   35 1.068691E-08
kr78     78   36 3.912615E-10
kr80     80   36 2.590908E-09
kr82     82   36 1.330980E-08
kr83     83   36 1.316572E-08
kr84     84   36 6.677866E-08
kr86     86   36 2.064729E-08
rb85     85   37 1.070987E-08
rb87     87   37 4.465621E-09
sr84     84   38 2.783862E-10
sr86     86   38 4.952861E-09
sr87     87   38 3.547156E-09
sr88     88   38 4.313530E-08
y89      89   39 1.022696E-08
zr90     90   40 1.215062E-08
zr91     91   40 2.687862E-09
zr92     92   40 4.112970E-09
zr94     94   40 4.300421E-09
zr96     96   40 7.123153E-10
nb93     93   41 1.857213E-09
mo92     92   42 8.998371E-10
mo94     94   42 5.801033E-10
mo95     95   42 1.018847E-09
mo96     96   42 1.078092E-09
mo97     97   42 6.268548E-10
mo98     98   42 1.627882E-09
mo100   100   42 6.613238E-10
ru96     96   44 2.358681E-10
ru98     98   44 8.158726E-11
ru99     99   44 5.702149E-10
ru100   100   44 5.628595E-10
ru101   101   44 7.668870E-10
ru102   102   44 1.442145E-09
ru104   104   44 8.658735E-10
rh103   103   45 9.188715E-10
pd102   102   46 3.622549E-11
pd104   104   46 4.049940E-10
pd105   105   46 8.158545E-10
pd106   106   46 1.013273E-09
pd108   108   46 9.859464E-10
pd110   110   46 4.485741E-10
ag107   107   47 6.757944E-10
ag109   109   47 6.424850E-10
cd106   106   48 5.317881E-11
cd108   108   48 3.835787E-11
cd110   110   48 5.518560E-10
cd111   111   48 5.698546E-10
cd112   112   48 1.070673E-09
cd113   113   48 5.540221E-10
cd114   114   48 1.310246E-09
cd116   116   48 3.427026E-10
in113   113   49 2.155389E-11
in115   115   49 4.910784E-10
sn112   112   50 9.992289E-11
sn114   114   50 6.876232E-11
sn115   115   50 3.557532E-11
sn116   116   50 1.530757E-09
sn117   117   50 8.291663E-10
sn118   118   50 2.584258E-09
sn119   119   50 9.247197E-10
sn120   120   50 3.545221E-09
sn122   122   50 5.209933E-10
sn124   124   50 6.514873E-10
sb121   121   51 5.536766E-10
sb123   123   51 4.172371E-10
te120   120   52 1.257911E-11
te122   122   52 3.688338E-10
te123   123   52 1.289387E-10
te124   124   52 6.980674E-10
te125   125   52 1.040864E-09
te126   126   52 2.823926E-09
te128   128   52 4.761041E-09
te130   130   52 5.181388E-09
i127    127   53 3.501814E-09
xe124   124   54 2.060194E-11
xe126   126   54 1.823294E-11
xe128   128   54 3.781801E-10
xe129   129   54 4.798276E-09
xe130   130   54 7.663675E-10
xe131   131   54 3.870549E-09
xe132   132   54 4.688940E-09
xe134   134   54 1.768537E-09
xe136   136   54 1.459011E-09
cs133   133   55 1.242679E-09
ba130   130   56 1.638500E-11
ba132   132   56 1.552665E-11
ba134   134   56 3.781041E-10
ba135   135   56 1.049171E-09
ba136   136   56 1.270721E-09
ba137   137   56 1.808165E-09
ba138   138   56 1.175972E-08
la138   138   57 1.446781E-12
la139   139   57 1.597858E-09
ce136   136   58 7.482704E-12
ce138   138   58 1.024234E-11
ce140   140   58 3.686810E-09
ce142   142   58 4.707896E-10
pr141   141   59 6.305953E-10
nd142   142   60 8.371865E-10
nd143   143   60 3.765982E-10
nd144   144   60 7.566716E-10
nd145   145   60 2.766446E-10
nd146   146   60 5.431384E-10
nd148   148   60 1.865666E-10
nd150   150   60 1.847899E-10
sm144   144   62 3.012404E-11
sm147   147   62 1.506198E-10
sm148   148   62 1.124159E-10
sm149   149   62 1.392390E-10
sm150   150   62 7.527796E-11
sm152   152   62 2.769685E-10
sm154   154   62 2.388457E-10
eu151   151   63 1.817869E-10
eu153   153   63 2.019687E-10
gd152   152   64 2.645030E-12
gd154   154   64 2.938419E-11
gd155   155   64 1.999544E-10
gd156   156   64 2.777947E-10
gd157   157   64 2.120828E-10
gd158   158   64 3.461502E-10
gd160   160   64 3.053080E-10
tb159   159   65 2.582316E-10
dy156   156   66 9.198806E-13
dy158   158   66 1.582215E-12
dy160   160   66 3.933083E-11
dy161   161   66 3.216954E-10
dy162   162   66 4.366515E-10
dy163   163   66 4.293524E-10
dy164   164   66 4.846993E-10
ho165   165   67 3.785443E-10
er162   162   68 1.445907E-12
er164   164   68 1.680632E-11
er166   166   68 3.636988E-10
er167   167   68 2.473751E-10
er168   168   68 2.923820E-10
er170   170   68 1.625924E-10
tm169   169   69 1.731944E-10
yb168   168   70 1.306034E-12
yb170   170   70 3.244131E-11
yb171   171   70 1.561890E-10
yb172   172   70 2.433234E-10
yb173   173   70 1.814292E-10
yb174   174   70 3.640934E-10
yb176   176   70 1.466179E-10
lu175   175   71 1.635713E-10
lu176   176   71 4.744467E-12
hf174   174   72 1.125164E-12
hf176   176   72 3.682852E-11
hf177   177   72 1.314166E-10
hf178   178   72 1.954784E-10
hf179   179   72 9.628037E-11
hf180   180   72 2.546594E-10
ta180   180   73 1.164024E-14
ta181   181   73 9.735762E-11
w180    180   74 7.515538E-13
w182    182   74 1.662509E-10
w183    183   74 9.186480E-11
w184    184   74 1.974778E-10
w186    186   74 1.820634E-10
re185   185   75 9.287043E-11
re187   187   75 1.708264E-10
os184   184   76 6.390309E-13
os186   186   76 5.131228E-11
os187   187   76 4.097840E-11
os188   188   76 4.414403E-10
os189   189   76 5.335582E-10
os190   190   76 8.699109E-10
os192   192   76 1.361540E-09
ir191   191   77 1.152816E-09
ir193   193   77 1.978291E-09
pt190   190   78 8.699177E-13
pt192   192   78 4.830914E-11
pt194   194   78 2.082257E-09
pt195   195   78 2.141768E-09
pt196   196   78 1.595859E-09
pt198   198   78 4.649550E-10
au197   197   79 9.665152E-10
hg196   196   80 3.411902E-12
hg198   198   80 2.277238E-10
hg199   199   80 3.886870E-10
hg200   200   80 5.269597E-10
hg201   201   80 3.047531E-10
hg202   202   80 7.016240E-10
hg204   204   80 1.623267E-10
tl203   203   81 2.743172E-10
tl205   205   81 6.645319E-10
pb204   204   82 3.470475E-10
pb206   206   82 3.270616E-09
pb207   207   82 3.603595E-09
pb208   208   82 1.044313E-08
bi209   209   83 7.259751E-10
th232   232   90 2.860062E-10
u234    234   92 2.884749E-15
u235    235   92 3.564226E-11
u238    238   92 1.115542E-10
